0 1015
3.6 1008.4
3.6 1007.2
39.8 1007
2.8 1018.5
0 1021.7
0.2 1022.2
0 1024.2
0 1022.7
16.2 1020.7
0 1021.1
0.2 1019.9
0 1017.1
0 1013.1
0 1013.7
0 1012.8
0 1009.8
1.2 1013
0.6 1013.3
0 1013.7
0 1006.5
0.4 1008.9
25.8 1014.9
0.4 1019.2
0 1018.6
0 1016.5
0.2 1018.6
0 1014.8
0 1017.1
0.4 1013.3
22.6 1014.1
4.2 1009.5
0.2 1004.6
6.6 1006.3
0 1015.3
0 1016.1
0 1011.5
4 1011.4
0 1008.5
0 1010.4
0.6 1017.4
0 1019.6
0 1019.3
0 1012.5
0 1010.2
5.4 1008.6
1.4 1016.8
0 1018.3
0 1015.6
3.4 1014.1
6.4 1008.3
11 996.8
17.4 1009.1
0 1009.7
3.4 1019.1
0 1018
0 1014.3
14.4 1013.4
0 1014.2
0 1015
0 1015.6
0 1011.6
0 1008.7
0 1016.3
0 1013
0 1007.4
0 1003.3
0 1009.5
0 1013.4
0 1015.9
0 1013.3
0 1006.5
0 1003
2 1001.8
0 1012.3
0 1009
0 1006.1
4.8 1015
0 1015.8
18.8 1006
12.2 1004
0.8 1012.1
0 1016.8
0 1019.2
0 1018.1
0 1016.9
0 1012.4
0 1009.5
0 1012
0 1014.6
0 1013.7
5.2 1012.8
2.2 1017.1
0 1014.5
0 1012.8
1.8 1011.5
9 1007.8
1 997.5
0 998.9
16.2 1005
0 1006.8
0 1011.4
0 1011.7
4.4 1006.8
11 1011
0.2 1015.1
0 1016.7
0 1020
0 1021.4
0 1017.4
0 1012.8
0 1009.1
1.8 1008.4
6.6 1002.3
0 1005.4
0 1007.2
0 1014.3
0 1014.4
0 1009.1
0 1009.9
10.4 1014.5
0 1019.3
0 1023.2
0 1020.4
0 1018.2
0 1022.2
0 1019.3
0 1017.7
3 1020.7
0 1023.1
0 1020.4
0 1019.3
0.2 1017.6
0 1017.7
0 1019.1
0 1019.3
0 1020.7
0 1020.6
0 1018.8
0 1018.7
0 1009.4
0 1019.3
0 1021.8
0 1019.3
0.6 1015.4
6.4 1006.5
19.8 1008.4
0 1012.6
0 1015
0 1011.3
0 1009.3
0 1013
0 1021.2
0 1010.5
2.6 1012.7
0 1019.1
0 1022.3
0 1024.1
0 1024
0 1025.4
0 1021.8
0 1019.2
0 1016.9
0 1015.8
2 1013.8
5.2 1019.6
0 1023.9
0 1024.4
0 1023.3
0 1024.1
0 1027.4
0 1024.2
0 1021
0 1023.5
0 1022.2
0 1019.8
0 1014.3
0.2 1006.7
0 997.7
7.2 1008.1
0.2 1019.6
0 1020.5
0 1018.5
0 1017.3
0 1017.4
0 1018.5
0 1015.8
0 1013.8
0 1013.5
0 1018.9
0 1020.3
0 1020
0 1021.5
0 1020.3
0 1021.4
0 1021
0 1018.7
1.8 1013.7
1 1005.9
0.8 1008.3
0 1014.3
0 1018.6
0 1022.9
0 1026
0 1024.8
0 1023.5
0 1021.8
3.8 1023.1
5.2 1022.3
0 1024.7
0.2 1029.6
0 1028.7
0 1027.4
0 1028.9
0 1027.1
0.8 1027.2
3.8 1025.7
0 1023.4
0 1022.1
0 1027
0 1031.7
0 1027.9
6.2 1024.3
4.8 1022.1
0.2 1019.7
0.6 1014.1
0 1025.6
0 1026.3
0 1024.8
0 1025.5
0 1023.5
0 1019.7
4.8 1019.2
0.6 1021
0 1025.7
0 1022.1
0 1024.2
0 1021.9
0 1020.4
0 1025
0 1026
0 1020.9
0 1010.2
2 1012.3
0.2 1014
0 1021.9
0 1030
0 1028.9
0 1026.3
0.8 1021.1
16.8 1019.6
0 1016.8
0 1010.5
1.6 1018.2
0.2 1022.7
0 1021.9
0 1019
0 1020.1
0.2 1020.8
0 1013.9
0 1009.4
1.2 1014.9
0.2 1009
19.2 1010.3
0 1025.8
0 1031.1
0 1027.4
0 1020.9
0.2 1015.3
0 1010
1.4 1014.9
0 1016.8
0 1014.6
0 1012.9
1 1001.3
6.6 1014.9
0 1018.1
0 1018.3
0 1019.2
4 1017.6
0 1015.9
1.2 1019.1
0 1019
0.4 1012.6
0.4 1016.6
0 1020.1
0 1022.4
0 1018.2
0 1012.4
0 1011.8
0 1022
0 1021.8
0 1025.6
0 1024.4
0 1017.8
0 1016.8
0 1025.5
0 1028
0 1024.4
0 1020.3
0 1025.5
0 1025.9
0 1022.9
0 1017.5
4 1010.4
7.4 1021.7
0 1024.8
0 1033.2
0.2 1031.9
0 1023.5
0 1016.2
0 1013.9
1 1018.2
0 1020.9
0 1017.9
0 1013.9
0 1010.9
0 1011.4
9.8 1006
1.6 1001.5
3.4 1017.6
0 1022.1
0 1015.6
0 1011.7
0 1010.9
0 1015.1
0 1006.5
17.4 1017.8
0 1027.7
0 1026.9
0 1020.6
0 1016.4
0 1009.9
0 1013.9
0 1017
0 1015.4
0 1014.1
0 1011.8
7.6 1013.2
3 1013.6
0 1005.3
8.2 1013.3
0 1017.5
0 1024.2
0 1024.9
0 1023.8
0 1021.5
0 1016
13.2 1016.7
0.6 1019.7
0 1022.3
0 1020.7
0 1022.2
0 1019.8
0.2 1017.5
0 1018.6
0.8 1023.1
0 1022.8
0 1018.4
0 1014.6
0 1014.2
0 1010.8
0 1016.9
0 1022.8
0 1016.2
0 1009.2